CCN
372890050235591
30359620839393
36079976898504
341646340568581
341216821383734
30014749887654
340324082060248
30390490762282
36659924710164
5541248664396140
36912854771437
3580761222244740
38471408914470
373100870639983
371844173877400
30051630462122
343452128958575
36921044223290
30041813621958
376990558791933
30181261587028
30376253078776
370917244232499
376688460592551
30177499764330
340821910450889
373192081411963
36486008577644
376303449528433
345044797101450
6011555925997600
349298078028305
371635925327656
4916275901868250
30228707349123
30176746975954
4532741784532820
346314241987930
373574828928971
376790898602299
30285044697994
374651791281262
346031596911758
30023424793673
379913804063813
370392541513753
38951035297530
3515353346882850
30050803451938
38434441214357
36458154229957
3547923567224420
374209274962781
6011228788546480
36583022172947
